0.40530355107405297010459  0.96907091393911848342668
0.29150051716337188612016  0.92892769021910170934575
0.19217018049782713662310  0.86215779391083890992320
0.11270707019401887682974  0.77276080938523250551953
0.05833710460666602370949  0.66677900451966398698289
0.03224027049919303555825  0.55078840798821981916689
0.03593934652051372635739  0.43266690285970482721112
0.06895763707746555004618  0.31942871208242745728612
0.12933796000523584135422  0.21797051765353270269543
0.21293555707735711823858  0.13522283685783142992420
0.31397969379823120750217  0.07642937259432047714114
0.42623465965982265668544  0.04488313849924652210177
0.54175701749307747512319  0.04240212456289849107804
0.65438212388301764121934  0.06885957261917352578706
0.75590066415274503874855  0.12208889862879235277404
0.84087330531917947595844  0.19883075257713961336847
0.90376517254063426509703  0.29390231509914843677223
0.94103980753807325854154  0.40201577680444267048898
0.95002077097285653195513  0.51490358360252419522851
0.93058967520980628851390  0.62635827137498578665031
0.88426103045067927510559  0.72882226255031246076044
0.81413186337289267235917  0.81621002521377805649649
0.72390019708365516137860  0.88366240626313097283884
0.62080926172285855191291  0.92591410653617445269958
0.51048719905654948991724  0.94109665186977808915003
0.39989434262327577807028  0.92818516838709430594179
0.29664304886950360051756  0.88820860952899982621034
0.20723823348580083791859  0.82412282409011328176973
0.13667494723927503530447  0.73973689050173108139319
0.08967307497746418443185  0.64083029017166315277620
0.06895936964800819524157  0.53371097356600627481527
0.07573875755033571133268  0.42467067711024603093861
0.10925660379048740544761  0.32184316290947379002318
0.16748851074139664563134  0.23053207681489185087997
0.24626386920068682462315  0.15713004907673189247674
0.34080814386105517943548  0.10582607606154881274563
0.44444862793491801689072  0.07998720591007840718945
0.55141496836973191708609  0.08090217028232260521037
0.65378390190069479714907  0.10829226631335758801455
0.74583540175512896830412  0.16021264860324752055121
0.82206579685944580759838  0.23358263357709330154677
0.87733432204458616787690  0.32351913025569334347864
0.90799977460673186868689  0.42323470212382141575347
0.91280789438076048725179  0.52800529603653179044898
0.89137613607345567157125  0.62986584078473473180537
0.84556488236588056572884  0.72243847003421413077717
0.77830153813979430221792  0.80050538901066525809824
0.69356886595862654587563  0.85938180358165561223416
0.59689783909118898641566  0.89510957071050278877067
0.49525324293300615474678  0.90541630980758291968868